<!DOCTYPE html>
<html lang="en">
    <head>
        <meta charset="utf-8">
        <title>Bokeh Plot</title>
        <link rel="stylesheet" href="http://cdn.pydata.org/bokeh-0.4.4.min.css" type="text/css" />
        <script type="text/javascript" src="http://cdn.pydata.org/bokeh-0.4.4.min.js"></script>
        <script type="text/javascript">
            $(function() {
                var all_models = [{"attributes": {"doc": null, "id": "5190f887-ce85-43a9-8329-f2657159f4b8", "factors": ["BZBB1_v", "FLMO62_v", "FLSF33_v", "MXSA3017_v", "FLCK216_v", "FLAB109_v", "HNDA09_v", "CUCA4_v", "CRL0001_v", "BJVL19_v", "FLSF54_v", "CUVN10_v", "BJSL25_v", "FLBA140_v", "TXGR3_v", "FLSF47_v", "FLWO6_v", "FLSA185_v", "FLCK18_v", "MXED8_v", "CUSV6_v", "TXMD3_v", "SCCU3_v", "CRL0030_v", "BJSB3_v", "MXGT4_v", "LALC2_v", "DO_re", "EN_re", "CH_re", "NI_re", "DU_re", "AR_re", "HE_re", "AC_h"]}, "type": "FactorRange", "id": "5190f887-ce85-43a9-8329-f2657159f4b8"}, {"attributes": {"doc": null, "id": "1f494f19-5e0b-4581-aad4-387a6971cb63", "factors": ["AC_h", "HE_re", "AR_re", "DU_re", "NI_re", "CH_re", "EN_re", "DO_re", "LALC2_v", "MXGT4_v", "BJSB3_v", "CRL0030_v", "SCCU3_v", "TXMD3_v", "CUSV6_v", "MXED8_v", "FLCK18_v", "FLSA185_v", "FLWO6_v", "FLSF47_v", "TXGR3_v", "FLBA140_v", "BJSL25_v", "CUVN10_v", "FLSF54_v", "BJVL19_v", "CRL0001_v", "CUCA4_v", "HNDA09_v", "FLAB109_v", "FLCK216_v", "MXSA3017_v", "FLSF33_v", "FLMO62_v", "BZBB1_v"]}, "type": "FactorRange", "id": "1f494f19-5e0b-4581-aad4-387a6971cb63"}, {"attributes": {"doc": null, "id": "5344ef58-d9a3-45ce-9bd4-c12565796f88"}, "type": "CategoricalTickFormatter", "id": "5344ef58-d9a3-45ce-9bd4-c12565796f88"}, {"attributes": {"doc": null, "id": "a128df24-85cb-4148-a963-e6f16ee91d69"}, "type": "CategoricalTicker", "id": "a128df24-85cb-4148-a963-e6f16ee91d69"}, {"attributes": {"plot": {"type": "Plot", "id": "b2a4867a-3440-4c29-a419-b26f11f26c1d"}, "major_tick_line_color": null, "axis_line_color": null, "major_label_text_font_size": "7pt", "bounds": "auto", "id": "781c7db0-5a94-41ce-8d5c-9cc809281a79", "major_label_standoff": 3, "location": "top", "doc": null, "major_label_orientation": 1.0471975511965976, "formatter": {"type": "CategoricalTickFormatter", "id": "5344ef58-d9a3-45ce-9bd4-c12565796f88"}, "ticker": {"type": "CategoricalTicker", "id": "a128df24-85cb-4148-a963-e6f16ee91d69"}, "dimension": 0}, "type": "CategoricalAxis", "id": "781c7db0-5a94-41ce-8d5c-9cc809281a79"}, {"attributes": {"plot": {"type": "Plot", "id": "b2a4867a-3440-4c29-a419-b26f11f26c1d"}, "grid_line_color": null, "doc": null, "dimension": 0, "id": "796332a4-9d40-417d-abfa-7b2b6cfae974", "axis": {"type": "CategoricalAxis", "id": "781c7db0-5a94-41ce-8d5c-9cc809281a79"}}, "type": "Grid", "id": "796332a4-9d40-417d-abfa-7b2b6cfae974"}, {"attributes": {"doc": null, "id": "075ca25d-3f95-447b-b7be-123d9ba1d467"}, "type": "CategoricalTickFormatter", "id": "075ca25d-3f95-447b-b7be-123d9ba1d467"}, {"attributes": {"doc": null, "id": "6aad4b3c-8f7a-475e-8a5f-60acecafe0d3"}, "type": "CategoricalTicker", "id": "6aad4b3c-8f7a-475e-8a5f-60acecafe0d3"}, {"attributes": {"plot": {"type": "Plot", "id": "b2a4867a-3440-4c29-a419-b26f11f26c1d"}, "major_tick_line_color": null, "axis_line_color": null, "major_label_text_font_size": "7pt", "bounds": "auto", "id": "c3ba4923-e05e-41f7-aebd-9001a191b63d", "major_label_standoff": 3, "location": "min", "doc": null, "formatter": {"type": "CategoricalTickFormatter", "id": "075ca25d-3f95-447b-b7be-123d9ba1d467"}, "ticker": {"type": "CategoricalTicker", "id": "6aad4b3c-8f7a-475e-8a5f-60acecafe0d3"}, "dimension": 1}, "type": "CategoricalAxis", "id": "c3ba4923-e05e-41f7-aebd-9001a191b63d"}, {"attributes": {"column_names": ["count", "alphas", "colors", "xname", "yname"], "doc": null, "selected": [], "discrete_ranges": {}, "cont_ranges": {}, "data": {"count": [9269.0, 6309.0, 6897.0, 6778.0, 6516.0, 7234.0, 4126.0, 6209.0, 5761.0, 5817.0, 4841.0, 5428.0, 2541.0, 4713.0, 4446.0, 4998.0, 4466.0, 3975.0, 4351.0, 4634.0, 4251.0, 4836.0, 4875.0, 5235.0, 5230.0, 4517.0, 4896.0, 3407.0, 5231.0, 1627.0, 4443.0, 5028.0, 4394.0, 4593.0, 4407.0, 6309.0, 30078.0, 23147.0, 22710.0, 26418.0, 23400.0, 11691.0, 20368.0, 17545.0, 16836.0, 13793.0, 16204.0, 6380.0, 13204.0, 12218.0, 14644.0, 12850.0, 10783.0, 12573.0, 13358.0, 12018.0, 14277.0, 14415.0, 15390.0, 15934.0, 12812.0, 14448.0, 8879.0, 15422.0, 3970.0, 11957.0, 14201.0, 12600.0, 13177.0, 12434.0, 6897.0, 23147.0, 41669.0, 31659.0, 24288.0, 29049.0, 16907.0, 28077.0, 23682.0, 22948.0, 18401.0, 21846.0, 8485.0, 17724.0, 16428.0, 19751.0, 17134.0, 14275.0, 16711.0, 17818.0, 16112.0, 19099.0, 19309.0, 20776.0, 21325.0, 17112.0, 19341.0, 11933.0, 20936.0, 5230.0, 15913.0, 19224.0, 16888.0, 17649.0, 16699.0, 6778.0, 22710.0, 31659.0, 40084.0, 23800.0, 28395.0, 16274.0, 28500.0, 22821.0, 21898.0, 17927.0, 20976.0, 8173.0, 17230.0, 15772.0, 19055.0, 16511.0, 13819.0, 16136.0, 17258.0, 15585.0, 18491.0, 18715.0, 20010.0, 20594.0, 16558.0, 18613.0, 11480.0, 20162.0, 5019.0, 15268.0, 18492.0, 16290.0, 17124.0, 16151.0, 6516.0, 26418.0, 24288.0, 23800.0, 31934.0, 24591.0, 12034.0, 21189.0, 18385.0, 17741.0, 14371.0, 16976.0, 6679.0, 13755.0, 12805.0, 15309.0, 13280.0, 11238.0, 13027.0, 13886.0, 12439.0, 14804.0, 14980.0, 16032.0, 16656.0, 13376.0, 15064.0, 9226.0, 16104.0, 4092.0, 12494.0, 14793.0, 13151.0, 13668.0, 12934.0, 7234.0, 23400.0, 29049.0, 28395.0, 24591.0, 38576.0, 14284.0, 25271.0, 22290.0, 21536.0, 17443.0, 20480.0, 7980.0, 16675.0, 15412.0, 18680.0, 16068.0, 13472.0, 15741.0, 16822.0, 15158.0, 18039.0, 18281.0, 19478.0, 20093.0, 16185.0, 18291.0, 11164.0, 19685.0, 4919.0, 14977.0, 18047.0, 15840.0, 16611.0, 15723.0, 4126.0, 11691.0, 16907.0, 16274.0, 12034.0, 14284.0, 20092.0, 15042.0, 12184.0, 11374.0, 9939.0, 11333.0, 4569.0, 9664.0, 8584.0, 10472.0, 9274.0, 7613.0, 9049.0, 9616.0, 8925.0, 10222.0, 10374.0, 10866.0, 11112.0, 9351.0, 10181.0, 6335.0, 10962.0, 2865.0, 8295.0, 10341.0, 9066.0, 9656.0, 9122.0, 6209.0, 20368.0, 28077.0, 28500.0, 21189.0, 25271.0, 15042.0, 35026.0, 20514.0, 19540.0, 16350.0, 18953.0, 7451.0, 15764.0, 14246.0, 17323.0, 15053.0, 12500.0, 14798.0, 15756.0, 14282.0, 16831.0, 16959.0, 18162.0, 18596.0, 15104.0, 16913.0, 10345.0, 18303.0, 4535.0, 13734.0, 16826.0, 14814.0, 15664.0, 14813.0, 5761.0, 17545.0, 23682.0, 22821.0, 18385.0, 22290.0, 12184.0, 20514.0, 37314.0, 23462.0, 19465.0, 22756.0, 9480.0, 19577.0, 17536.0, 21136.0, 18925.0, 15153.0, 18599.0, 19766.0, 17857.0, 21774.0, 20332.0, 22261.0, 23394.0, 18101.0, 20146.0, 12761.0, 22079.0, 5592.0, 16971.0, 20479.0, 19386.0, 19709.0, 17993.0, 5817.0, 16836.0, 22948.0, 21898.0, 17741.0, 21536.0, 11374.0, 19540.0, 23462.0, 36000.0, 19212.0, 21379.0, 9114.0, 18537.0, 17158.0, 20604.0, 17016.0, 14583.0, 16770.0, 17743.0, 16841.0, 19136.0, 19871.0, 20594.0, 21025.0, 17737.0, 19000.0, 12621.0, 20651.0, 5603.0, 16555.0, 19334.0, 17012.0, 17675.0, 16689.0, 4841.0, 13793.0, 18401.0, 17927.0, 14371.0, 17443.0, 9939.0, 16350.0, 19465.0, 19212.0, 28354.0, 17996.0, 7113.0, 16067.0, 13575.0, 17478.0, 14584.0, 11826.0, 14384.0, 15219.0, 14542.0, 16329.0, 18356.0, 17371.0, 17585.0, 16645.0, 16176.0, 10131.0, 17559.0, 4372.0, 13056.0, 16448.0, 14526.0, 15287.0, 14567.0, 5428.0, 16204.0, 21846.0, 20976.0, 16976.0, 20480.0, 11333.0, 18953.0, 22756.0, 21379.0, 17996.0, 34002.0, 8224.0, 17528.0, 16631.0, 19431.0, 16658.0, 13707.0, 16363.0, 17391.0, 16049.0, 18742.0, 18817.0, 21426.0, 20585.0, 16766.0, 20978.0, 12236.0, 22619.0, 5071.0, 15128.0, 20466.0, 16588.0, 17416.0, 18295.0, 2541.0, 6380.0, 8485.0, 8173.0, 6679.0, 7980.0, 4569.0, 7451.0, 9480.0, 9114.0, 7113.0, 8224.0, 13207.0, 7193.0, 7046.0, 7577.0, 7034.0, 6047.0, 6871.0, 7310.0, 6522.0, 7981.0, 7427.0, 8007.0, 8467.0, 6705.0, 7411.0, 5316.0, 7950.0, 2489.0, 6998.0, 7520.0, 7084.0, 7173.0, 6614.0, 4713.0, 13204.0, 17724.0, 17230.0, 13755.0, 16675.0, 9664.0, 15764.0, 19577.0, 18537.0, 16067.0, 17528.0, 7193.0, 27526.0, 13398.0, 17339.0, 14584.0, 11686.0, 14386.0, 15186.0, 14761.0, 16397.0, 16512.0, 17152.0, 17564.0, 14969.0, 15822.0, 9989.0, 17258.0, 4353.0, 12953.0, 16286.0, 14702.0, 15180.0, 14350.0, 4446.0, 12218.0, 16428.0, 15772.0, 12805.0, 15412.0, 8584.0, 14246.0, 17536.0, 17158.0, 13575.0, 16631.0, 7046.0, 13398.0, 25839.0, 14588.0, 13126.0, 11044.0, 12842.0, 13639.0, 12131.0, 14448.0, 14249.0, 16190.0, 15901.0, 12741.0, 15029.0, 9993.0, 16123.0, 4326.0, 12633.0, 15120.0, 12799.0, 13474.0, 13165.0, 4998.0, 14644.0, 19751.0, 19055.0, 15309.0, 18680.0, 10472.0, 17323.0, 21136.0, 20604.0, 17478.0, 19431.0, 7577.0, 17339.0, 14588.0, 30706.0, 15601.0, 12592.0, 15345.0, 16348.0, 15673.0, 17519.0, 18140.0, 18837.0, 18992.0, 16297.0, 17465.0, 10850.0, 18928.0, 4621.0, 13997.0, 17945.0, 15701.0, 16332.0, 15714.0, 4466.0, 12850.0, 17134.0, 16511.0, 13280.0, 16068.0, 9274.0, 15053.0, 18925.0, 17016.0, 14584.0, 16658.0, 7034.0, 14584.0, 13126.0, 15601.0, 26378.0, 11637.0, 14334.0, 15114.0, 13328.0, 15800.0, 15083.0, 16523.0, 17604.0, 13679.0, 14880.0, 9719.0, 16198.0, 4388.0, 13034.0, 15344.0, 14112.0, 14976.0, 13475.0, 3975.0, 10783.0, 14275.0, 13819.0, 11238.0, 13472.0, 7613.0, 12500.0, 15153.0, 14583.0, 11826.0, 13707.0, 6047.0, 11686.0, 11044.0, 12592.0, 11637.0, 21714.0, 11282.0, 12045.0, 10627.0, 12622.0, 12263.0, 13238.0, 13886.0, 11008.0, 12201.0, 8208.0, 13153.0, 3790.0, 11246.0, 12464.0, 11277.0, 12018.0, 10872.0, 4351.0, 12573.0, 16711.0, 16136.0, 13027.0, 15741.0, 9049.0, 14798.0, 18599.0, 16770.0, 14384.0, 16363.0, 6871.0, 14386.0, 12842.0, 15345.0, 14334.0, 11282.0, 25930.0, 14764.0, 13022.0, 15531.0, 14816.0, 16215.0, 17378.0, 13357.0, 14756.0, 9647.0, 15894.0, 4355.0, 12663.0, 15057.0, 13915.0, 14625.0, 13293.0, 4634.0, 13358.0, 17818.0, 17258.0, 13886.0, 16822.0, 9616.0, 15756.0, 19766.0, 17743.0, 15219.0, 17391.0, 7310.0, 15186.0, 13639.0, 16348.0, 15114.0, 12045.0, 14764.0, 27473.0, 13882.0, 16582.0, 15795.0, 17133.0, 18156.0, 14221.0, 15639.0, 10101.0, 16945.0, 4531.0, 13310.0, 16171.0, 14769.0, 15554.0, 14128.0, 4251.0, 12018.0, 16112.0, 15585.0, 12439.0, 15158.0, 8925.0, 14282.0, 17857.0, 16841.0, 14542.0, 16049.0, 6522.0, 14761.0, 12131.0, 15673.0, 13328.0, 10627.0, 13022.0, 13882.0, 24861.0, 14856.0, 15069.0, 15609.0, 16052.0, 13662.0, 14385.0, 9072.0, 15640.0, 3902.0, 11816.0, 14740.0, 13405.0, 13941.0, 13007.0, 4836.0, 14277.0, 19099.0, 18491.0, 14804.0, 18039.0, 10222.0, 16831.0, 21774.0, 19136.0, 16329.0, 18742.0, 7981.0, 16397.0, 14448.0, 17519.0, 15800.0, 12622.0, 15531.0, 16582.0, 14856.0, 29619.0, 16946.0, 18345.0, 19330.0, 15230.0, 16688.0, 10756.0, 18202.0, 4733.0, 14082.0, 17154.0, 16291.0, 16467.0, 15104.0, 4875.0, 14415.0, 19309.0, 18715.0, 14980.0, 18281.0, 10374.0, 16959.0, 20332.0, 19871.0, 18356.0, 18817.0, 7427.0, 16512.0, 14249.0, 18140.0, 15083.0, 12263.0, 14816.0, 15795.0, 15069.0, 16946.0, 29714.0, 18052.0, 18404.0, 17101.0, 16835.0, 10524.0, 18294.0, 4551.0, 13656.0, 17054.0, 15051.0, 15766.0, 15055.0, 5235.0, 15390.0, 20776.0, 20010.0, 16032.0, 19478.0, 10866.0, 18162.0, 22261.0, 20594.0, 17371.0, 21426.0, 8007.0, 17152.0, 16190.0, 18837.0, 16523.0, 13238.0, 16215.0, 17133.0, 15609.0, 18345.0, 18052.0, 32628.0, 20142.0, 16165.0, 19221.0, 11912.0, 20912.0, 4982.0, 14802.0, 19239.0, 16410.0, 17173.0, 17122.0, 5230.0, 15934.0, 21325.0, 20594.0, 16656.0, 20093.0, 11112.0, 18596.0, 23394.0, 21025.0, 17585.0, 20585.0, 8467.0, 17564.0, 15901.0, 18992.0, 17604.0, 13886.0, 17378.0, 18156.0, 16052.0, 19330.0, 18404.0, 20142.0, 33198.0, 16505.0, 18295.0, 11692.0, 19931.0, 5265.0, 15611.0, 18606.0, 17132.0, 17919.0, 16331.0, 4517.0, 12812.0, 17112.0, 16558.0, 13376.0, 16185.0, 9351.0, 15104.0, 18101.0, 17737.0, 16645.0, 16766.0, 6705.0, 14969.0, 12741.0, 16297.0, 13679.0, 11008.0, 13357.0, 14221.0, 13662.0, 15230.0, 17101.0, 16165.0, 16505.0, 26147.0, 15099.0, 9522.0, 16429.0, 4084.0, 12234.0, 15458.0, 13546.0, 14247.0, 13540.0, 4896.0, 14448.0, 19341.0, 18613.0, 15064.0, 18291.0, 10181.0, 16913.0, 20146.0, 19000.0, 16176.0, 20978.0, 7411.0, 15822.0, 15029.0, 17465.0, 14880.0, 12201.0, 14756.0, 15639.0, 14385.0, 16688.0, 16835.0, 19221.0, 18295.0, 15099.0, 29904.0, 10954.0, 20072.0, 4562.0, 13508.0, 18303.0, 14909.0, 15588.0, 16438.0, 3407.0, 8879.0, 11933.0, 11480.0, 9226.0, 11164.0, 6335.0, 10345.0, 12761.0, 12621.0, 10131.0, 12236.0, 5316.0, 9989.0, 9993.0, 10850.0, 9719.0, 8208.0, 9647.0, 10101.0, 9072.0, 10756.0, 10524.0, 11912.0, 11692.0, 9522.0, 10954.0, 18569.0, 11947.0, 3277.0, 9526.0, 11285.0, 9507.0, 10037.0, 9965.0, 5231.0, 15422.0, 20936.0, 20162.0, 16104.0, 19685.0, 10962.0, 18303.0, 22079.0, 20651.0, 17559.0, 22619.0, 7950.0, 17258.0, 16123.0, 18928.0, 16198.0, 13153.0, 15894.0, 16945.0, 15640.0, 18202.0, 18294.0, 20912.0, 19931.0, 16429.0, 20072.0, 11947.0, 32931.0, 4856.0, 14662.0, 20043.0, 16174.0, 17022.0, 17974.0, 1627.0, 3970.0, 5230.0, 5019.0, 4092.0, 4919.0, 2865.0, 4535.0, 5592.0, 5603.0, 4372.0, 5071.0, 2489.0, 4353.0, 4326.0, 4621.0, 4388.0, 3790.0, 4355.0, 4531.0, 3902.0, 4733.0, 4551.0, 4982.0, 5265.0, 4084.0, 4562.0, 3277.0, 4856.0, 8105.0, 4309.0, 4666.0, 4231.0, 4393.0, 3958.0, 4443.0, 11957.0, 15913.0, 15268.0, 12494.0, 14977.0, 8295.0, 13734.0, 16971.0, 16555.0, 13056.0, 15128.0, 6998.0, 12953.0, 12633.0, 13997.0, 13034.0, 11246.0, 12663.0, 13310.0, 11816.0, 14082.0, 13656.0, 14802.0, 15611.0, 12234.0, 13508.0, 9526.0, 14662.0, 4309.0, 24593.0, 13912.0, 12555.0, 13321.0, 12073.0, 5028.0, 14201.0, 19224.0, 18492.0, 14793.0, 18047.0, 10341.0, 16826.0, 20479.0, 19334.0, 16448.0, 20466.0, 7520.0, 16286.0, 15120.0, 17945.0, 15344.0, 12464.0, 15057.0, 16171.0, 14740.0, 17154.0, 17054.0, 19239.0, 18606.0, 15458.0, 18303.0, 11285.0, 20043.0, 4666.0, 13912.0, 29991.0, 15314.0, 16030.0, 16530.0, 4394.0, 12600.0, 16888.0, 16290.0, 13151.0, 15840.0, 9066.0, 14814.0, 19386.0, 17012.0, 14526.0, 16588.0, 7084.0, 14702.0, 12799.0, 15701.0, 14112.0, 11277.0, 13915.0, 14769.0, 13405.0, 16291.0, 15051.0, 16410.0, 17132.0, 13546.0, 14909.0, 9507.0, 16174.0, 4231.0, 12555.0, 15314.0, 26157.0, 14715.0, 13484.0, 4593.0, 13177.0, 17649.0, 17124.0, 13668.0, 16611.0, 9656.0, 15664.0, 19709.0, 17675.0, 15287.0, 17416.0, 7173.0, 15180.0, 13474.0, 16332.0, 14976.0, 12018.0, 14625.0, 15554.0, 13941.0, 16467.0, 15766.0, 17173.0, 17919.0, 14247.0, 15588.0, 10037.0, 17022.0, 4393.0, 13321.0, 16030.0, 14715.0, 27263.0, 14257.0, 4407.0, 12434.0, 16699.0, 16151.0, 12934.0, 15723.0, 9122.0, 14813.0, 17993.0, 16689.0, 14567.0, 18295.0, 6614.0, 14350.0, 13165.0, 15714.0, 13475.0, 10872.0, 13293.0, 14128.0, 13007.0, 15104.0, 15055.0, 17122.0, 16331.0, 13540.0, 16438.0, 9965.0, 17974.0, 3958.0, 12073.0, 16530.0, 13484.0, 14257.0, 26214.0], "alphas": [0.22244354316158296, 0.15140752117881398, 0.16551873095106673, 0.16266289087811084, 0.15637524298639277, 0.17360627804842929, 0.099018454966521868, 0.14900765557128801, 0.13825625764957161, 0.13960018238978616, 0.11617749406033262, 0.13026470517651012, 0.060980585087235112, 0.11310566608269937, 0.10669802491060501, 0.11994528306414841, 0.1071779980321102, 0.095394657899157645, 0.10441815258345533, 0.11120977225275384, 0.10201828697592935, 0.11605750077995632, 0.11699344836689145, 0.12563296455398498, 0.12551297127360866, 0.10840192949194845, 0.11749742014447191, 0.081763421248410087, 0.12553696992968394, 0.039045813434447671, 0.10662602894237923, 0.12066524274640621, 0.1054500947946915, 0.11022582735366819, 0.10576207732366988, 0.15140752117881398, 0.72183157743166382, 0.5554968921740383, 0.54500947946914968, 0.63399649619621301, 0.56156855216107893, 0.28056828817586216, 0.48880462694089133, 0.42105642084043293, 0.40404137368307375, 0.33101346324605824, 0.38887422304350955, 0.15311142576015743, 0.31687825481773019, 0.29321557992752406, 0.35143631956610427, 0.30838273056708826, 0.25877750845952624, 0.30173510283424126, 0.32057404785332022, 0.28841584871247211, 0.34262881278648394, 0.3459406273248698, 0.36933931699824812, 0.38239458590318942, 0.30747078163622837, 0.34673258297535337, 0.21308406729223164, 0.37010727399265642, 0.095274664618781355, 0.28695193069188124, 0.34080491492476422, 0.30238306654827329, 0.31623029110369821, 0.29839928963978019, 0.16551873095106673, 0.5554968921740383, 1.0, 0.75977345268664953, 0.58287935875590968, 0.69713696033022154, 0.4057452782644172, 0.67381026662506904, 0.56833617317430218, 0.55072115961506152, 0.44159927044085528, 0.5242746406201253, 0.20362859679857928, 0.42535218027790445, 0.39424992200436776, 0.47399745614245603, 0.41119297319350118, 0.34258081547433344, 0.40104154167366629, 0.42760805394897888, 0.38666634668458566, 0.45835033238138662, 0.4633900501571912, 0.49859607861959732, 0.51177134080491493, 0.41066500275984547, 0.46415800715159949, 0.28637596294607504, 0.50243586359163883, 0.12551297127360866, 0.38189061412560898, 0.46135016439079413, 0.40528930379898725, 0.42355228107225995, 0.40075355780076316, 0.16266289087811084, 0.54500947946914968, 0.75977345268664953, 0.96196213012071319, 0.57116801459118294, 0.68144183925700164, 0.39055412896877773, 0.68396169814490393, 0.54767333029350351, 0.52552257073603881, 0.43022390746118216, 0.50339580983464927, 0.19614101610309823, 0.41349684417672611, 0.37850680361899736, 0.45729439151407519, 0.39624181045861434, 0.33163742830401499, 0.38724231443039192, 0.41416880654683336, 0.37401905493292376, 0.44375914948762868, 0.44913484844848689, 0.4802131080659483, 0.49422832321390003, 0.39736974729415153, 0.44668698552881037, 0.27550457174398235, 0.48386090378938779, 0.12044925484172886, 0.36641148095706638, 0.44378314814370395, 0.3909381074659819, 0.41095298663274854, 0.38760229427152082, 0.15637524298639277, 0.63399649619621301, 0.58287935875590968, 0.57116801459118294, 0.76637308310734598, 0.59015095154671338, 0.28879982720967629, 0.50850752357867957, 0.44121529194365117, 0.42576015743118384, 0.34488468645755838, 0.4074011855336101, 0.16028702392666011, 0.33010151431519835, 0.30730279104370156, 0.36739542585615204, 0.31870215267944996, 0.26969689697376947, 0.31263049269240922, 0.3332453382610574, 0.29851928292015645, 0.35527610453814584, 0.35949986800739159, 0.3847464541985649, 0.39972161558952701, 0.32100602366267489, 0.36151575511771339, 0.22141160095034679, 0.38647435743598357, 0.098202500659963041, 0.29983920900429578, 0.35501211932131799, 0.31560632604574146, 0.32801363123665073, 0.31039861767741006, 0.17360627804842929, 0.56156855216107893, 0.69713696033022154, 0.68144183925700164, 0.59015095154671338, 0.92577215675922153, 0.34279680337901075, 0.60647003767788998, 0.53493004391754062, 0.51683505723679479, 0.41860855792075646, 0.49149247642132038, 0.19150927548057309, 0.4001775900549569, 0.36986728743190384, 0.44829489548585277, 0.38561040581727424, 0.32330989464589982, 0.37776284528066428, 0.40370539249802012, 0.36377162878878783, 0.43291175694161127, 0.43871943171182415, 0.46744582303391008, 0.48220499652019488, 0.38841824857807961, 0.43895941827257673, 0.26792099642420025, 0.4724135448414889, 0.11804938923420288, 0.35942787203916582, 0.43310374619021336, 0.38013871223211498, 0.39864167606614032, 0.37733086947130962, 0.099018454966521868, 0.28056828817586216, 0.4057452782644172, 0.39055412896877773, 0.28879982720967629, 0.34279680337901075, 0.48218099786411961, 0.36098778468405768, 0.29239962562096522, 0.27296071420000478, 0.23852264273200702, 0.27197676930091913, 0.10964985960786196, 0.23192301231131057, 0.20600446375003001, 0.25131392642012046, 0.22256353644195925, 0.18270176870095275, 0.2171638388250258, 0.23077107681969811, 0.21418800547169359, 0.24531426240130552, 0.24896205812474501, 0.26076939691377282, 0.26667306630828674, 0.22441143295975424, 0.24433031750221987, 0.15203148623677074, 0.26307326789699775, 0.068756149655619284, 0.19906885214427991, 0.24817010247426144, 0.21757181597830522, 0.23173102306270849, 0.21891574071851977, 0.14900765557128801, 0.48880462694089133, 0.67381026662506904, 0.68396169814490393, 0.50850752357867957, 0.60647003767788998, 0.36098778468405768, 0.84057692769204928, 0.49230843072787922, 0.46893373971057623, 0.39237802683049749, 0.45484652859439872, 0.17881398641676066, 0.37831481437039527, 0.34188485444815092, 0.41572871919172527, 0.36125176990088553, 0.29998320094074732, 0.35513211260169431, 0.37812282512179318, 0.34274880606686026, 0.40392138040269743, 0.40699320838033071, 0.43586359163886823, 0.44627900837553097, 0.36247570136072382, 0.40588927020086873, 0.24826609709856248, 0.43924740214547986, 0.10883390530130313, 0.32959754253761792, 0.40380138712232116, 0.35551609109889848, 0.37591494876286929, 0.3554920924428232, 0.13825625764957161, 0.42105642084043293, 0.56833617317430218, 0.54767333029350351, 0.44121529194365117, 0.53493004391754062, 0.29239962562096522, 0.49230843072787922, 0.89548585279224369, 0.56305646883774507, 0.46713384050493173, 0.54611341764861165, 0.22750725959346277, 0.46982168998536084, 0.42084043293575557, 0.50723559480669078, 0.45417456622429142, 0.36365163550841151, 0.44635100434375674, 0.47435743598358493, 0.42854400153591399, 0.52254673738270652, 0.48794067532218194, 0.5342340828913581, 0.56142456022462739, 0.43439967361827736, 0.48347692529218361, 0.30624685017639014, 0.52986632748566076, 0.13420048477285271, 0.40728119225323384, 0.49146847776524516, 0.46523794667498619, 0.4729895125872951, 0.4318078187621493, 0.13960018238978616, 0.40404137368307375, 0.55072115961506152, 0.52552257073603881, 0.42576015743118384, 0.51683505723679479, 0.27296071420000478, 0.46893373971057623, 0.56305646883774507, 0.86395161870935233, 0.461062180517891, 0.51306726823297899, 0.21872375146991768, 0.44486308766709065, 0.41176894093930738, 0.49446830977465261, 0.40836113177662053, 0.34997240154551346, 0.40245746238210661, 0.42580815474333439, 0.40416136696345006, 0.45923828265617128, 0.47687729487148722, 0.49422832321390003, 0.50457174398233695, 0.4256641628068828, 0.45597446542993592, 0.30288703832585373, 0.49559624661018981, 0.13446446998968059, 0.39729775132592576, 0.46399001655907268, 0.40826513715231949, 0.42417624613021671, 0.40051357124001058, 0.11617749406033262, 0.33101346324605824, 0.44159927044085528, 0.43022390746118216, 0.34488468645755838, 0.41860855792075646, 0.23852264273200702, 0.39237802683049749, 0.46713384050493173, 0.461062180517891, 0.68045789435791593, 0.43187981473037512, 0.17070244066332285, 0.38558640716119896, 0.32578175622165156, 0.41944851088339052, 0.34999640020158873, 0.28380810674602225, 0.34519666898653678, 0.3652355468093787, 0.3489884566464278, 0.39187405505291706, 0.44051933091746864, 0.41688065468333774, 0.42201636708344331, 0.3994576303726991, 0.3882022606734023, 0.24313038469845688, 0.42139240202548656, 0.10492212436103578, 0.31332645371859175, 0.39472989512587298, 0.34860447814922363, 0.36686745542249632, 0.34958842304830928, 0.13026470517651012, 0.38887422304350955, 0.5242746406201253, 0.50339580983464927, 0.4074011855336101, 0.49149247642132038, 0.27197676930091913, 0.45484652859439872, 0.54611341764861165, 0.51306726823297899, 0.43187981473037512, 0.81600230387098327, 0.19736494756293649, 0.42064844368715354, 0.39912164918764548, 0.46631788619837289, 0.39976961290167751, 0.32894957882358589, 0.39269000935947584, 0.41736062780484295, 0.3851544313518443, 0.44978281216251892, 0.45158271136816336, 0.51419520506851613, 0.49401233530922267, 0.40236146775780557, 0.50344380714679982, 0.29364755573687873, 0.54282560176630112, 0.12169718495764237, 0.36305166910653003, 0.49115649523626675, 0.39808970697640933, 0.41796059420672443, 0.43905541289687777, 0.060980585087235112, 0.15311142576015743, 0.20362859679857928, 0.19614101610309823, 0.16028702392666011, 0.19150927548057309, 0.10964985960786196, 0.17881398641676066, 0.22750725959346277, 0.21872375146991768, 0.17070244066332285, 0.19736494756293649, 0.31695025078595601, 0.17262233314934364, 0.16909453070628044, 0.18183781708224339, 0.16880654683337734, 0.14511987328709591, 0.16489476589310997, 0.17543017591014903, 0.15651923492284431, 0.19153327413664833, 0.17823801867095443, 0.19215723919460509, 0.20319662098922461, 0.16091098898461687, 0.17785404017375028, 0.12757685569608102, 0.19078931579831529, 0.059732654971321603, 0.16794259521466798, 0.18046989368595359, 0.17000647963714033, 0.17214236002783845, 0.15872711128176822, 0.11310566608269937, 0.31687825481773019, 0.42535218027790445, 0.41349684417672611, 0.33010151431519835, 0.4001775900549569, 0.23192301231131057, 0.37831481437039527, 0.46982168998536084, 0.44486308766709065, 0.38558640716119896, 0.42064844368715354, 0.17262233314934364, 0.66058700712760088, 0.3215339940963306, 0.41611269768892944, 0.34999640020158873, 0.28044829489548584, 0.34524466629868727, 0.36444359115889507, 0.3542441623269097, 0.39350596366603469, 0.39626580911468956, 0.41162494900285584, 0.42151239530586287, 0.35923588279056373, 0.37970673642276032, 0.23972257553577, 0.41416880654683336, 0.10446614989560585, 0.31085459214284, 0.39084211284168086, 0.35282824161846937, 0.36429959922244354, 0.34438071467997794, 0.10669802491060501, 0.29321557992752406, 0.39424992200436776, 0.37850680361899736, 0.30730279104370156, 0.36986728743190384, 0.20600446375003001, 0.34188485444815092, 0.42084043293575557, 0.41176894093930738, 0.32578175622165156, 0.39912164918764548, 0.16909453070628044, 0.3215339940963306, 0.6201012743286376, 0.35009239482588977, 0.31500635964385992, 0.26504115769516906, 0.30819074131848617, 0.3273176702104682, 0.29112769684897644, 0.34673258297535337, 0.34195685041637669, 0.38853824185845592, 0.38160263025270585, 0.30576687705488492, 0.36067580215507933, 0.23981857016007105, 0.38693033190141352, 0.10381818618157383, 0.30317502219875686, 0.36285967985792794, 0.30715879910724997, 0.32335789195805037, 0.31594230723079508, 0.11994528306414841, 0.35143631956610427, 0.47399745614245603, 0.45729439151407519, 0.36739542585615204, 0.44829489548585277, 0.25131392642012046, 0.41572871919172527, 0.50723559480669078, 0.49446830977465261, 0.41944851088339052, 0.46631788619837289, 0.18183781708224339, 0.41611269768892944, 0.35009239482588977, 0.73690273344692703, 0.37440303343012793, 0.30219107729967121, 0.36825937747486143, 0.39233002951834695, 0.3761309366675466, 0.42043245578247618, 0.43533562120521252, 0.45206268448966858, 0.45578247618133383, 0.39110609805850871, 0.41913652835441217, 0.26038541841656865, 0.45424656219251724, 0.11089778972377547, 0.33590918908541123, 0.43065588327053683, 0.3768028990376539, 0.39194605102114283, 0.37711488156663225, 0.1071779980321102, 0.30838273056708826, 0.41119297319350118, 0.39624181045861434, 0.31870215267944996, 0.38561040581727424, 0.22256353644195925, 0.36125176990088553, 0.45417456622429142, 0.40836113177662053, 0.34999640020158873, 0.39976961290167751, 0.16880654683337734, 0.34999640020158873, 0.31500635964385992, 0.37440303343012793, 0.63303654995320258, 0.2792723607477981, 0.34399673618277377, 0.3627156879214764, 0.31985408817106242, 0.3791787659891046, 0.36197172958314333, 0.39652979433151742, 0.42247234154887325, 0.32827761645347858, 0.35710000239986561, 0.23324293839544985, 0.38873023110705801, 0.10530610285823994, 0.31279848328493604, 0.36823537881878615, 0.3386690345340661, 0.35940387338309054, 0.32338189061412559, 0.095394657899157645, 0.25877750845952624, 0.34258081547433344, 0.33163742830401499, 0.26969689697376947, 0.32330989464589982, 0.18270176870095275, 0.29998320094074732, 0.36365163550841151, 0.34997240154551346, 0.28380810674602225, 0.32894957882358589, 0.14511987328709591, 0.28044829489548584, 0.26504115769516906, 0.30219107729967121, 0.2792723607477981, 0.52110681801819103, 0.2707528378410809, 0.28906381242650414, 0.25503371811178577, 0.302911036981929, 0.29429551945091076, 0.31769420912428903, 0.3332453382610574, 0.26417720607645973, 0.29280760277424467, 0.19698096906573231, 0.31565432335789195, 0.09095490652523458, 0.26988888622237156, 0.29911924932203798, 0.27063284456070458, 0.28841584871247211, 0.26091338885022441, 0.10441815258345533, 0.30173510283424126, 0.40104154167366629, 0.38724231443039192, 0.31263049269240922, 0.37776284528066428, 0.2171638388250258, 0.35513211260169431, 0.44635100434375674, 0.40245746238210661, 0.34519666898653678, 0.39269000935947584, 0.16489476589310997, 0.34524466629868727, 0.30819074131848617, 0.36825937747486143, 0.34399673618277377, 0.2707528378410809, 0.62228515203148627, 0.35431615829513546, 0.3125104994120329, 0.37272312750485975, 0.35556408841104897, 0.3891382082603374, 0.41704864527586455, 0.32055004919724495, 0.35412416904653338, 0.23151503515803115, 0.38143463966017904, 0.10451414720775637, 0.30389498188101466, 0.36134776452518658, 0.33394129928723992, 0.35098034510067438, 0.31901413520842831, 0.11120977225275384, 0.32057404785332022, 0.42760805394897888, 0.41416880654683336, 0.3332453382610574, 0.40370539249802012, 0.23077107681969811, 0.37812282512179318, 0.47435743598358493, 0.42580815474333439, 0.3652355468093787, 0.41736062780484295, 0.17543017591014903, 0.36444359115889507, 0.3273176702104682, 0.39233002951834695, 0.3627156879214764, 0.28906381242650414, 0.35431615829513546, 0.65931507835561209, 0.33314934363675636, 0.39794571503995774, 0.37905877270872829, 0.4111689745374259, 0.43571959970241664, 0.34128488804626939, 0.37531498236098776, 0.24241042501619908, 0.40665722719527708, 0.10873791067700209, 0.31942211236170776, 0.38808226739302598, 0.35443615157551178, 0.37327509659459068, 0.33905301303127022, 0.10201828697592935, 0.28841584871247211, 0.38666634668458566, 0.37401905493292376, 0.29851928292015645, 0.36377162878878783, 0.21418800547169359, 0.34274880606686026, 0.42854400153591399, 0.40416136696345006, 0.3489884566464278, 0.3851544313518443, 0.15651923492284431, 0.3542441623269097, 0.29112769684897644, 0.3761309366675466, 0.31985408817106242, 0.25503371811178577, 0.3125104994120329, 0.33314934363675636, 0.59663058868703356, 0.35652403465405935, 0.36163574839808971, 0.37459502267873002, 0.38522642732007006, 0.32786963930019919, 0.345220667642612, 0.21771580791475678, 0.37533898101706303, 0.093642756005663685, 0.28356812018526961, 0.35374019054932926, 0.32170198468885741, 0.33456526434519668, 0.31215051957090401, 0.11605750077995632, 0.34262881278648394, 0.45835033238138662, 0.44375914948762868, 0.35527610453814584, 0.43291175694161127, 0.24531426240130552, 0.40392138040269743, 0.52254673738270652, 0.45923828265617128, 0.39187405505291706, 0.44978281216251892, 0.19153327413664833, 0.39350596366603469, 0.34673258297535337, 0.42043245578247618, 0.3791787659891046, 0.302911036981929, 0.37272312750485975, 0.39794571503995774, 0.35652403465405935, 0.7108161942931196, 0.4066812258513523, 0.44025534570064079, 0.46389402193477164, 0.36549953202620655, 0.4004895725839353, 0.25812954474549427, 0.43682353788187861, 0.11358563920420456, 0.33794907485180831, 0.41167294631500634, 0.39096210612205717, 0.39518586959130286, 0.36247570136072382, 0.11699344836689145, 0.3459406273248698, 0.4633900501571912, 0.44913484844848689, 0.35949986800739159, 0.43871943171182415, 0.24896205812474501, 0.40699320838033071, 0.48794067532218194, 0.47687729487148722, 0.44051933091746864, 0.45158271136816336, 0.17823801867095443, 0.39626580911468956, 0.34195685041637669, 0.43533562120521252, 0.36197172958314333, 0.29429551945091076, 0.35556408841104897, 0.37905877270872829, 0.36163574839808971, 0.4066812258513523, 0.71309606662026925, 0.43322373947058962, 0.44167126640908111, 0.41040101754301761, 0.40401737502699847, 0.25256185653603397, 0.4390314142408025, 0.10921788379850729, 0.32772564736374765, 0.40927308070748036, 0.36120377258873504, 0.37836281168254576, 0.36129976721303608, 0.12563296455398498, 0.36933931699824812, 0.49859607861959732, 0.4802131080659483, 0.3847464541985649, 0.46744582303391008, 0.26076939691377282, 0.43586359163886823, 0.5342340828913581, 0.49422832321390003, 0.41688065468333774, 0.51419520506851613, 0.19215723919460509, 0.41162494900285584, 0.38853824185845592, 0.45206268448966858, 0.39652979433151742, 0.31769420912428903, 0.3891382082603374, 0.4111689745374259, 0.37459502267873002, 0.44025534570064079, 0.43322373947058962, 0.78302815042357632, 0.48338093066788262, 0.38793827545657444, 0.46127816842256836, 0.28587199116849454, 0.50185989584583268, 0.11956130456694425, 0.35522810722599535, 0.46171014423192303, 0.39381794619501309, 0.41212892078043628, 0.41090498932059805, 0.12551297127360866, 0.38239458590318942, 0.51177134080491493, 0.49422832321390003, 0.39972161558952701, 0.48220499652019488, 0.26667306630828674, 0.44627900837553097, 0.56142456022462739, 0.50457174398233695, 0.42201636708344331, 0.49401233530922267, 0.20319662098922461, 0.42151239530586287, 0.38160263025270585, 0.45578247618133383, 0.42247234154887325, 0.3332453382610574, 0.41704864527586455, 0.43571959970241664, 0.38522642732007006, 0.46389402193477164, 0.44167126640908111, 0.48338093066788262, 0.79670738438647437, 0.39609781852216275, 0.43905541289687777, 0.28059228683193743, 0.47831721423600276, 0.12635292423624278, 0.37464301999088051, 0.44651899493628355, 0.41114497588135063, 0.43003191821258008, 0.39192205236506755, 0.10840192949194845, 0.30747078163622837, 0.41066500275984547, 0.39736974729415153, 0.32100602366267489, 0.38841824857807961, 0.22441143295975424, 0.36247570136072382, 0.43439967361827736, 0.4256641628068828, 0.3994576303726991, 0.40236146775780557, 0.16091098898461687, 0.35923588279056373, 0.30576687705488492, 0.39110609805850871, 0.32827761645347858, 0.26417720607645973, 0.32055004919724495, 0.34128488804626939, 0.32786963930019919, 0.36549953202620655, 0.41040101754301761, 0.38793827545657444, 0.39609781852216275, 0.62749286039981766, 0.36235570808034751, 0.22851520314862367, 0.39427392066044303, 0.098010511411360968, 0.29359955842472824, 0.37097122561136575, 0.32508579519546904, 0.34190885310422614, 0.3249418032590175, 0.11749742014447191, 0.34673258297535337, 0.46415800715159949, 0.44668698552881037, 0.36151575511771339, 0.43895941827257673, 0.24433031750221987, 0.40588927020086873, 0.48347692529218361, 0.45597446542993592, 0.3882022606734023, 0.50344380714679982, 0.17785404017375028, 0.37970673642276032, 0.36067580215507933, 0.41913652835441217, 0.35710000239986561, 0.29280760277424467, 0.35412416904653338, 0.37531498236098776, 0.345220667642612, 0.4004895725839353, 0.40401737502699847, 0.46127816842256836, 0.43905541289687777, 0.36235570808034751, 0.71765581127456868, 0.26288127864839567, 0.48170102474261439, 0.10948186901533515, 0.32417384626460916, 0.43924740214547986, 0.35779596342604814, 0.37409105090114952, 0.39448990856512034, 0.081763421248410087, 0.21308406729223164, 0.28637596294607504, 0.27550457174398235, 0.22141160095034679, 0.26792099642420025, 0.15203148623677074, 0.24826609709856248, 0.30624685017639014, 0.30288703832585373, 0.24313038469845688, 0.29364755573687873, 0.12757685569608102, 0.23972257553577, 0.23981857016007105, 0.26038541841656865, 0.23324293839544985, 0.19698096906573231, 0.23151503515803115, 0.24241042501619908, 0.21771580791475678, 0.25812954474549427, 0.25256185653603397, 0.28587199116849454, 0.28059228683193743, 0.22851520314862367, 0.26288127864839567, 0.44563104466149894, 0.28671194413112866, 0.078643595958626314, 0.22861119777292471, 0.27082483380930666, 0.22815522330749477, 0.24087451102738247, 0.23914660778996377, 0.12553696992968394, 0.37010727399265642, 0.50243586359163883, 0.48386090378938779, 0.38647435743598357, 0.4724135448414889, 0.26307326789699775, 0.43924740214547986, 0.52986632748566076, 0.49559624661018981, 0.42139240202548656, 0.54282560176630112, 0.19078931579831529, 0.41416880654683336, 0.38693033190141352, 0.45424656219251724, 0.38873023110705801, 0.31565432335789195, 0.38143463966017904, 0.40665722719527708, 0.37533898101706303, 0.43682353788187861, 0.4390314142408025, 0.50185989584583268, 0.47831721423600276, 0.39427392066044303, 0.48170102474261439, 0.28671194413112866, 0.79029974321438001, 0.11653747390146152, 0.35186829537545899, 0.48100506371643187, 0.38815426336125175, 0.40850512371307207, 0.43135184429671941, 0.039045813434447671, 0.095274664618781355, 0.12551297127360866, 0.12044925484172886, 0.098202500659963041, 0.11804938923420288, 0.068756149655619284, 0.10883390530130313, 0.13420048477285271, 0.13446446998968059, 0.10492212436103578, 0.12169718495764237, 0.059732654971321603, 0.10446614989560585, 0.10381818618157383, 0.11089778972377547, 0.10530610285823994, 0.09095490652523458, 0.10451414720775637, 0.10873791067700209, 0.093642756005663685, 0.11358563920420456, 0.10921788379850729, 0.11956130456694425, 0.12635292423624278, 0.098010511411360968, 0.10948186901533515, 0.078643595958626314, 0.11653747390146152, 0.19450910748998057, 0.10341020902829441, 0.11197772924716216, 0.10153831385442415, 0.10542609613861624, 0.094986680745878224, 0.10662602894237923, 0.28695193069188124, 0.38189061412560898, 0.36641148095706638, 0.29983920900429578, 0.35942787203916582, 0.19906885214427991, 0.32959754253761792, 0.40728119225323384, 0.39729775132592576, 0.31332645371859175, 0.36305166910653003, 0.16794259521466798, 0.31085459214284, 0.30317502219875686, 0.33590918908541123, 0.31279848328493604, 0.26988888622237156, 0.30389498188101466, 0.31942211236170776, 0.28356812018526961, 0.33794907485180831, 0.32772564736374765, 0.35522810722599535, 0.37464301999088051, 0.29359955842472824, 0.32417384626460916, 0.22861119777292471, 0.35186829537545899, 0.10341020902829441, 0.59019894885886393, 0.33386930331901415, 0.3013031270248866, 0.31968609757853561, 0.28973577479661139, 0.12066524274640621, 0.34080491492476422, 0.46135016439079413, 0.44378314814370395, 0.35501211932131799, 0.43310374619021336, 0.24817010247426144, 0.40380138712232116, 0.49146847776524516, 0.46399001655907268, 0.39472989512587298, 0.49115649523626675, 0.18046989368595359, 0.39084211284168086, 0.36285967985792794, 0.43065588327053683, 0.36823537881878615, 0.29911924932203798, 0.36134776452518658, 0.38808226739302598, 0.35374019054932926, 0.41167294631500634, 0.40927308070748036, 0.46171014423192303, 0.44651899493628355, 0.37097122561136575, 0.43924740214547986, 0.27082483380930666, 0.48100506371643187, 0.11197772924716216, 0.33386930331901415, 0.71974369435311625, 0.36751541913652835, 0.38469845688641435, 0.39669778492404423, 0.1054500947946915, 0.30238306654827329, 0.40528930379898725, 0.3909381074659819, 0.31560632604574146, 0.38013871223211498, 0.21757181597830522, 0.35551609109889848, 0.46523794667498619, 0.40826513715231949, 0.34860447814922363, 0.39808970697640933, 0.17000647963714033, 0.35282824161846937, 0.30715879910724997, 0.3768028990376539, 0.3386690345340661, 0.27063284456070458, 0.33394129928723992, 0.35443615157551178, 0.32170198468885741, 0.39096210612205717, 0.36120377258873504, 0.39381794619501309, 0.41114497588135063, 0.32508579519546904, 0.35779596342604814, 0.22815522330749477, 0.38815426336125175, 0.10153831385442415, 0.3013031270248866, 0.36751541913652835, 0.62773284696057019, 0.35314022414744772, 0.32359787851880295, 0.11022582735366819, 0.31623029110369821, 0.42355228107225995, 0.41095298663274854, 0.32801363123665073, 0.39864167606614032, 0.23173102306270849, 0.37591494876286929, 0.4729895125872951, 0.42417624613021671, 0.36686745542249632, 0.41796059420672443, 0.17214236002783845, 0.36429959922244354, 0.32335789195805037, 0.39194605102114283, 0.35940387338309054, 0.28841584871247211, 0.35098034510067438, 0.37327509659459068, 0.33456526434519668, 0.39518586959130286, 0.37836281168254576, 0.41212892078043628, 0.43003191821258008, 0.34190885310422614, 0.37409105090114952, 0.24087451102738247, 0.40850512371307207, 0.10542609613861624, 0.31968609757853561, 0.38469845688641435, 0.35314022414744772, 0.65427536057980751, 0.34214883966497878, 0.10576207732366988, 0.29839928963978019, 0.40075355780076316, 0.38760229427152082, 0.31039861767741006, 0.37733086947130962, 0.21891574071851977, 0.3554920924428232, 0.4318078187621493, 0.40051357124001058, 0.34958842304830928, 0.43905541289687777, 0.15872711128176822, 0.34438071467997794, 0.31594230723079508, 0.37711488156663225, 0.32338189061412559, 0.26091338885022441, 0.31901413520842831, 0.33905301303127022, 0.31215051957090401, 0.36247570136072382, 0.36129976721303608, 0.4109